,date,NAV_OLS_1,NAV_OLS_10,weight_ols1,weight_ols10
0,2014-01-01,0.8979826509547216,0.9897982650954722,3.072811718231276,0.30728117182312764
1,2014-02-01,0.9263584027310421,0.9929259725015253,0.6795579183488153,0.06795579183488153
2,2014-03-01,0.9414599590908366,0.9945446470329624,3.791178274802847,0.3791178274802847
3,2014-04-01,0.9376255071886057,0.9941395810950172,2.1436201939702224,0.21436201939702226
4,2014-05-01,0.9743543377281642,0.9980338420688029,1.90156189773415,0.190156189773415
5,2014-06-01,1.0450515210253775,1.0052753741005764,2.7799992631069945,0.2779999263106995
6,2014-07-01,0.9812067535148679,0.9991338996132212,2.9947283968648004,0.2994728396864801
7,2014-08-01,1.0302690004462578,1.0041297635251591,1.1792911750942556,0.11792911750942556
8,2014-09-01,0.9565709564939032,0.9969469404552531,3.6311074660015725,0.36311074660015724
9,2014-10-01,0.9856572493489092,0.999978340318915,1.206620337572522,0.12066203375725221
10,2014-11-01,1.060044376160606,1.0075251336549746,2.959590902249887,0.29595909022498873
11,2014-12-01,1.0581545480848946,1.0073455138836342,2.9713034004548584,0.29713034004548583
12,2015-01-01,0.9939065473203956,1.0012292111693244,1.952316056622359,0.19523160566223588
13,2015-02-01,1.0403048216681587,1.0059032228005058,0.7615454057836141,0.07615454057836141
14,2015-03-01,0.9893998538612561,1.0009810624772066,4.368994852914762,0.4368994852914762
15,2015-04-01,0.9983806356173827,1.0018896529150403,1.538474453380041,0.1538474453380041
16,2015-05-01,1.0283348313566316,1.004895600516777,2.206086851063403,0.2206086851063403
17,2015-06-01,0.9888954892759271,1.0010415619161501,2.5067076383243316,0.2506707638324332
18,2015-07-01,1.0098871853324187,1.003166514495623,1.378403644578767,0.1378403644578767
19,2015-08-01,0.8526984966959896,0.9875522527060114,2.5769826275541594,0.25769826275541596
20,2015-09-01,0.8627082563405603,0.988711532419104,-0.3823752522352458,-0.03823752522352458
21,2015-10-01,0.9146692267529034,0.9946665479535899,0.7771620700569092,0.07771620700569092
22,2015-11-01,0.9402874934091692,0.9974524329614415,5.00146975598321,0.500146975598321
23,2015-12-01,0.8956069842697516,0.9928025168442592,2.1943743528584316,0.21943743528584314
24,2016-01-01,0.8373776759024723,0.9864370060654055,1.1285370162060469,0.1128537016206047
25,2016-02-01,0.8377074971451671,0.9866534179093015,-0.2769627683905041,-0.027696276839050415
26,2016-03-01,0.9514761063223718,1.0002307030620028,1.9484118905540349,0.19484118905540349
27,2016-04-01,0.9922056298215756,1.0046023783675508,4.693040636585633,0.4693040636585633
28,2016-05-01,1.033473604079712,1.0088711507610055,2.331020165249763,0.23310201652497628
29,2016-06-01,1.0323002588077226,1.0089382062590933,2.670682613193929,0.26706826131939293
30,2016-07-01,1.1122732812251395,1.0169361299243358,1.9562202226906826,0.19562202226906827
31,2016-08-01,1.1316687073846454,1.018892475507659,3.5178866500201837,0.3517886650020184
32,2016-09-01,1.1380259841997264,1.0196482505124014,2.1670451903801653,0.21670451903801655
33,2016-10-01,1.090591270908915,1.0155817328848458,2.073345204740395,0.2073345204740395
34,2016-11-01,1.1536198515459197,1.0215424904109833,1.1870995072309032,0.11870995072309033
35,2016-12-01,1.234839650002164,1.0290104053094473,3.873165762237645,0.38731657622376453
36,2017-01-01,1.2995927459683951,1.0347768216842856,2.682395111398901,0.2682395111398901
37,2017-02-01,1.42691830352849,1.0452874046818534,2.7331492702871096,0.27331492702871096
38,2017-03-01,1.4355200498445777,1.0461997522438542,3.3695283394238813,0.3369528339423881
39,2017-04-01,1.4681910785805912,1.0490515901834079,2.0421118761938053,0.20421118761938054
40,2017-05-01,1.5064429305299043,1.0523512485878428,2.40129515447959,0.24012951544795905
41,2017-06-01,1.5354250015040238,1.0549441099647043,2.3895826562746194,0.23895826562746192
42,2017-07-01,1.6019718170629005,1.060180955311774,2.280266006361554,0.22802660063615543
43,2017-08-01,1.6103490277858603,1.0615941036030425,2.7058201078088433,0.27058201078088434
44,2017-09-01,1.6941822096019656,1.0679805490066239,2.0382077101254814,0.20382077101254814
45,2017-10-01,1.808375091016502,1.0760441173729272,2.9556867361815633,0.2955686736181563
46,2017-11-01,1.9708582559927301,1.0864871649856453,2.854178418405146,0.2854178418405146
47,2017-12-01,2.039354869404702,1.0911432745689253,3.193840866349312,0.31938408663493123
48,2018-01-01,2.3132397265916573,1.1069757366358308,2.3895826562746194,0.23895826562746192
49,2018-02-01,1.9653557756031086,1.0914240341341264,4.150361553088632,0.4150361553088632
50,2018-03-01,1.942082169503124,1.0912120871944457,0.5507204380941314,0.05507204380941314
51,2018-04-01,1.950555733617536,1.0930631248447895,1.0582620269762193,0.10582620269762193
52,2018-05-01,2.0610625749657934,1.1006330273934695,2.0850577029453663,0.20850577029453665
53,2018-06-01,2.0937297083783206,1.1037642905269274,3.010345061138096,0.3010345061138096
54,2018-07-01,2.24155581668156,1.1131467504312198,2.1631410243118414,0.21631410243118415
55,2018-08-01,2.493525181051824,1.1272623694605146,3.221170028827578,0.32211700288275785
56,2018-09-01,2.5022307370170362,1.1291777307694928,3.3187741805356725,0.33187741805356724
57,2018-10-01,2.1228025955915535,1.113986230603435,1.9991660494422436,0.1999166049442244
58,2018-11-01,2.089935394916557,1.114066111388106,-1.022658487440341,-0.1022658487440341
59,2018-12-01,1.5669882747059427,1.0881950823401567,2.6355451185790155,0.2635545118579016
60,2019-01-01,1.3385435517385371,1.0743874261663426,-1.7605458743535312,-0.17605458743535313
61,2019-02-01,1.5801214540862456,1.09551828238755,5.255240550424254,0.5255240550424254
62,2019-03-01,1.640536975483406,1.1015803035176248,3.303157516262378,0.3303157516262378
63,2019-04-01,1.8006310943569481,1.1144122173392834,2.405199320547914,0.24051993205479144
64,2019-05-01,1.3638281842772617,1.0894846847103679,3.525694982156831,0.3525694982156831
65,2019-06-01,1.2969339273952079,1.0859058485902937,-0.7337501983843838,-0.07337501983843839
66,2019-07-01,1.3716474439836939,1.0940184128121344,4.681328138380662,0.46813281383806626
67,2019-08-01,1.287482210615651,1.0888808268767651,2.4403368151628277,0.2440336815162828
68,2019-09-01,1.3076301056894686,1.0923488106922945,0.9684662074047728,0.0968466207404773
69,2019-10-01,1.3779821197374547,1.099798756085753,2.534036800802598,0.2534036800802598
70,2019-11-01,1.5278872433182509,1.1129508063539004,2.7799992631069945,0.2779999263106995
71,2019-12-01,1.6775900892084465,1.125257849425737,3.486653321473594,0.3486653321473594
72,2020-01-01,1.6741293641887909,1.1263422700295043,3.057195053957981,0.3057195053957981
73,2020-02-01,1.4130719059471122,1.1099949604870225,1.9327952262807402,0.19327952262807402
74,2020-03-01,1.6416483319185853,1.1292487692489113,-1.1983459605149103,-0.11983459605149104
75,2020-04-01,0.9129379680153437,1.0791226085129546,-3.251937312453205,-0.32519373124532047
76,2020-05-01,1.285156442143328,1.1232171734935454,7.304927736294225,0.7304927736294224
77,2020-06-01,1.416621439030746,1.134808206004466,4.154265719156956,0.4154265719156956
78,2020-07-01,1.6567625336077318,1.1541472412221407,2.9361659058399443,0.2936165905839944
79,2020-08-01,2.1914500758742577,1.1914989480833516,4.228444874455107,0.4228444874455107
80,2020-09-01,1.7975310135122264,1.1701886680016176,4.954619763163325,0.4954619763163325
81,2020-10-01,1.7766273380985758,1.1689331603892963,0.5585287702307788,0.05585287702307788
82,2020-11-01,2.032881869325976,1.185898648611635,1.1558661786843132,0.11558661786843132
83,2020-12-01,2.6772812982882783,1.2235969593797889,6.844236140232023,0.6844236140232023
84,2021-01-01,2.6745102827405054,1.2235804394769851,3.783369942666199,0.37833699426661993
85,2021-02-01,2.8205385276608954,1.2302611879208707,1.96402855482733,0.196402855482733
86,2021-03-01,3.0864641349028643,1.241860318734212,3.0610992200263047,0.3061099220026305
87,2021-04-01,3.5700712530135883,1.2613185876007647,3.1782242020760174,0.31782242020760176
88,2021-05-01,3.6104538829430237,1.2627453199580867,3.9004949247159115,0.39004949247159115
89,2021-06-01,3.817861646453785,1.2699993437231734,2.08896186901369,0.20889618690136902
90,2021-07-01,3.9657167814064627,1.2749176970252218,3.0493867218213335,0.30493867218213333
91,2021-08-01,4.250941804790613,1.284087248205776,2.471570143709418,0.24715701437094179
92,2021-09-01,3.672864761848763,1.2666252034775796,3.1118533789145135,0.31118533789145136
93,2021-10-01,3.738718352880013,1.2688962323214976,0.269620481174821,0.026962048117482103
94,2021-11-01,3.473769672326576,1.2599040496861345,4.572011488467598,0.4572011488467597
95,2021-12-01,3.621712154605035,1.2653831777034457,1.3705953124421195,0.13705953124421197
96,2022-01-01,2.900531357472217,1.2401859778758921,3.1860325342126647,0.3186032534212665
97,2022-02-01,2.931375337419509,1.2415047800785979,-0.4643627396700445,-0.04643627396700445
98,2022-03-01,3.0283788101796585,1.2457248353673587,1.0816870233861617,0.10816870233861618
99,2022-04-01,2.1215246969512007,1.208533470367296,3.1665117038710457,0.3166511703871046
100,2022-05-01,2.134550519489891,1.209601794638125,-1.7176000476019697,-0.17176000476019695
101,2022-06-01,1.8041971285543674,1.1915345955782821,1.8429994067092939,0.1842999406709294
102,2022-07-01,1.5785090827882997,1.1774875264084512,-1.3154709425646227,-0.13154709425646227
103,2022-08-01,1.2415866506272912,1.1543683295092844,5.712027980418134,0.5712027980418134
104,2022-09-01,1.1854521757339076,1.151123182348079,0.5038704452742465,0.05038704452742466
105,2022-10-01,1.032735794793874,1.1386766139595024,-1.674654220850408,-0.1674654220850408
106,2022-11-01,1.2748135491170955,1.1683396341538221,5.0327030845298,0.50327030845298
107,2022-12-01,0.970817377006937,1.1439489971533232,3.7716574444612276,0.3771657444461228
